Relation Name:  QueryResult-weka.filters.unsupervised.attribute.AddID-C1-Nt-weka.filters.unsupervised.attribute.AddExpression-Esin(a1/6)-Nexpression-weka.filters.unsupervised.attribute.AddExpression-Esin(a1/4)-Nexpression-weka.filters.unsupervised.attribute.AddExpression-Eexp(a1/20)-Nexpression-weka.filters.unsupervised.attribute.NumericToNominal-R14
Num Instances:  1254
Num Attributes: 17

     Name                      Type  Nom  Int Real     Missing      Unique  Dist
   1 ema8slope                  Num   0%   0% 100%     0 /  0%  1254 /100%  1254 
   2 ema13slope                 Num   0%   0% 100%     0 /  0%  1254 /100%  1254 
   3 ema18slope                 Num   0%   0% 100%     0 /  0%  1254 /100%  1254 
   4 sma22slope                 Num   0%   0% 100%     0 /  0%  1252 /100%  1253 
   5 rocp5                      Num   0%   0% 100%     0 /  0%  1254 /100%  1254 
   6 rocp6                      Num   0%   0% 100%     0 /  0%  1254 /100%  1254 
   7 devema8                    Num   0%   0% 100%     0 /  0%  1254 /100%  1254 
   8 devema16                   Num   0%   0% 100%     0 /  0%  1254 /100%  1254 
   9 devsma9                    Num   0%   0% 100%     0 /  0%  1254 /100%  1254 
  10 devsma22                   Num   0%   0% 100%     0 /  0%  1254 /100%  1254 
  11 devsma10                   Num   0%   0% 100%     0 /  0%  1254 /100%  1254 
  12 gap                        Num   0%   2%  98%     0 /  0%  1230 / 98%  1231 
  13 rsi13                      Num   0%   0% 100%     0 /  0%  1209 / 96%  1231 
  14 14bottom                   Nom 100%   0%   0%     0 /  0%     0 /  0%     3 
  15 sin(a1/6)                  Num   0%   0% 100%     0 /  0%  1254 /100%  1254 
  16 sin(a1/4)                  Num   0%   0% 100%     0 /  0%  1254 /100%  1254 
  17 exp(a1/20)                 Num   0%   0% 100%     0 /  0%  1254 /100%  1254 

K, WindowSize, Precision, Recall, F1
3, 6, 0.627, 0.473, 0.540
3, 8, 0.594, 0.463, 0.520
3, 10, 0.595, 0.466, 0.523
3, 12, 0.588, 0.463, 0.518
3, 14, 0.586, 0.463, 0.517
3, 16, 0.577, 0.452, 0.507
3, 18, 0.574, 0.441, 0.499
3, 20, 0.586, 0.459, 0.515
3, 22, 0.591, 0.473, 0.526
3, 24, 0.590, 0.480, 0.529
3, 26, 0.586, 0.486, 0.531
3, 28, 0.588, 0.477, 0.527
3, 30, 0.600, 0.487, 0.538
3, 32, 0.595, 0.477, 0.529
3, 34, 0.609, 0.473, 0.533
3, 36, 0.599, 0.469, 0.526
3, 38, 0.604, 0.473, 0.530
3, 40, 0.602, 0.480, 0.534
3, 42, 0.611, 0.487, 0.542
3, 44, 0.607, 0.491, 0.543
3, 46, 0.609, 0.487, 0.541
3, 48, 0.601, 0.480, 0.534
3, 50, 0.599, 0.480, 0.533
3, 52, 0.598, 0.474, 0.529
3, 54, 0.595, 0.474, 0.528
3, 56, 0.589, 0.470, 0.523
3, 58, 0.590, 0.470, 0.523
3, 60, 0.591, 0.466, 0.521
3, 62, 0.583, 0.469, 0.520
3, 64, 0.587, 0.469, 0.521
3, 66, 0.576, 0.457, 0.510
3, 68, 0.591, 0.465, 0.521
3, 70, 0.589, 0.463, 0.519
3, 72, 0.592, 0.465, 0.521
3, 74, 0.592, 0.465, 0.521
3, 76, 0.598, 0.465, 0.523
3, 78, 0.601, 0.465, 0.524
3, 80, 0.601, 0.465, 0.524
3, 82, 0.601, 0.465, 0.524
3, 84, 0.601, 0.465, 0.524
3, 86, 0.601, 0.465, 0.524
3, 88, 0.599, 0.461, 0.521
3, 90, 0.596, 0.461, 0.520
3, 92, 0.593, 0.461, 0.519
3, 94, 0.592, 0.465, 0.521
3, 96, 0.593, 0.461, 0.519
3, 98, 0.596, 0.461, 0.520
3, 100, 0.604, 0.465, 0.525
3, 102, 0.598, 0.465, 0.523
3, 104, 0.596, 0.461, 0.520
3, 106, 0.599, 0.461, 0.521
3, 108, 0.599, 0.461, 0.521
3, 110, 0.599, 0.465, 0.523
3, 112, 0.598, 0.470, 0.527
3, 114, 0.598, 0.472, 0.528
3, 116, 0.598, 0.474, 0.529
3, 118, 0.601, 0.474, 0.530
3, 120, 0.601, 0.476, 0.531
3, 122, 0.595, 0.478, 0.530
3, 124, 0.595, 0.478, 0.530
3, 126, 0.596, 0.474, 0.528
3, 128, 0.593, 0.474, 0.527
3, 130, 0.593, 0.474, 0.527
3, 132, 0.593, 0.474, 0.527
3, 134, 0.593, 0.478, 0.529
3, 136, 0.590, 0.482, 0.530
3, 138, 0.588, 0.481, 0.529
3, 140, 0.584, 0.477, 0.525
3, 142, 0.577, 0.473, 0.520
3, 144, 0.565, 0.460, 0.507
3, 146, 0.571, 0.460, 0.509
3, 148, 0.574, 0.460, 0.511
3, 150, 0.576, 0.464, 0.514
3, 152, 0.578, 0.468, 0.517
3, 154, 0.578, 0.468, 0.517
3, 156, 0.572, 0.468, 0.515
3, 158, 0.569, 0.470, 0.515
3, 160, 0.572, 0.470, 0.516
3, 162, 0.574, 0.479, 0.522
3, 164, 0.570, 0.474, 0.518
3, 166, 0.570, 0.474, 0.518
3, 168, 0.570, 0.474, 0.518
3, 170, 0.570, 0.474, 0.518
3, 172, 0.573, 0.474, 0.519
3, 174, 0.570, 0.478, 0.520
3, 176, 0.570, 0.482, 0.523
3, 178, 0.565, 0.478, 0.518
3, 180, 0.566, 0.476, 0.517
3, 182, 0.566, 0.476, 0.517
3, 184, 0.564, 0.473, 0.515
3, 186, 0.565, 0.471, 0.513
3, 188, 0.560, 0.466, 0.509
3, 190, 0.555, 0.461, 0.504
3, 192, 0.555, 0.461, 0.504
3, 194, 0.553, 0.456, 0.500
3, 196, 0.548, 0.451, 0.495
3, 198, 0.549, 0.449, 0.494
3, 200, 0.543, 0.443, 0.488
3, 202, 0.538, 0.438, 0.483
3, 204, 0.533, 0.433, 0.477
3, 206, 0.533, 0.430, 0.476
3, 208, 0.527, 0.424, 0.470
3, 210, 0.519, 0.414, 0.460
3, 212, 0.516, 0.413, 0.459
3, 214, 0.522, 0.413, 0.461
3, 216, 0.525, 0.418, 0.465
3, 218, 0.525, 0.418, 0.465
3, 220, 0.525, 0.418, 0.465
3, 222, 0.522, 0.413, 0.461
3, 224, 0.522, 0.413, 0.461
3, 226, 0.522, 0.413, 0.461
3, 228, 0.522, 0.413, 0.461
3, 230, 0.522, 0.410, 0.459
3, 232, 0.522, 0.412, 0.461
3, 234, 0.523, 0.409, 0.459
3, 236, 0.523, 0.409, 0.459
3, 238, 0.523, 0.411, 0.460
3, 240, 0.523, 0.413, 0.462
3, 242, 0.519, 0.415, 0.462
3, 244, 0.523, 0.418, 0.464
3, 246, 0.523, 0.422, 0.467
3, 248, 0.519, 0.419, 0.464
3, 250, 0.529, 0.424, 0.471
3, 252, 0.529, 0.424, 0.471
3, 254, 0.529, 0.424, 0.471
3, 256, 0.529, 0.424, 0.471
3, 258, 0.529, 0.426, 0.472
3, 260, 0.532, 0.434, 0.478
3, 262, 0.532, 0.439, 0.481
3, 264, 0.539, 0.439, 0.484
3, 266, 0.539, 0.439, 0.484
3, 268, 0.539, 0.439, 0.484
3, 270, 0.550, 0.444, 0.491
3, 272, 0.550, 0.446, 0.493
3, 274, 0.550, 0.446, 0.493
3, 276, 0.550, 0.446, 0.493
3, 278, 0.550, 0.446, 0.493
3, 280, 0.550, 0.446, 0.493
3, 282, 0.553, 0.446, 0.494
3, 284, 0.553, 0.446, 0.494
3, 286, 0.553, 0.446, 0.494
3, 288, 0.553, 0.446, 0.494
3, 290, 0.556, 0.452, 0.499
3, 292, 0.556, 0.452, 0.499
3, 294, 0.556, 0.454, 0.500
3, 296, 0.556, 0.457, 0.501
3, 298, 0.556, 0.457, 0.501
3, 300, 0.559, 0.462, 0.506
3, 302, 0.559, 0.464, 0.507
3, 304, 0.562, 0.475, 0.515
3, 306, 0.556, 0.469, 0.509
3, 308, 0.564, 0.469, 0.512
3, 310, 0.560, 0.469, 0.511
3, 312, 0.554, 0.463, 0.505
3, 314, 0.548, 0.457, 0.498
3, 316, 0.542, 0.451, 0.492
3, 318, 0.549, 0.451, 0.495
3, 320, 0.549, 0.451, 0.495
3, 322, 0.549, 0.451, 0.495
3, 324, 0.546, 0.448, 0.492
3, 326, 0.546, 0.448, 0.492
3, 328, 0.546, 0.448, 0.492
3, 330, 0.546, 0.448, 0.492
3, 332, 0.550, 0.453, 0.497
3, 334, 0.547, 0.450, 0.494
3, 336, 0.547, 0.450, 0.494
3, 338, 0.547, 0.450, 0.494
3, 340, 0.547, 0.450, 0.494
3, 342, 0.547, 0.450, 0.494
3, 344, 0.547, 0.450, 0.494
3, 346, 0.547, 0.450, 0.494
3, 348, 0.547, 0.450, 0.494
3, 350, 0.547, 0.450, 0.494
3, 352, 0.550, 0.456, 0.498
3, 354, 0.550, 0.461, 0.502
3, 356, 0.554, 0.464, 0.505
3, 358, 0.561, 0.470, 0.511
3, 360, 0.561, 0.473, 0.513
3, 362, 0.558, 0.472, 0.512
3, 364, 0.551, 0.466, 0.505
3, 366, 0.545, 0.459, 0.498
3, 368, 0.538, 0.452, 0.491
3, 370, 0.546, 0.452, 0.495
3, 372, 0.550, 0.452, 0.497
3, 374, 0.550, 0.458, 0.500
3, 376, 0.548, 0.451, 0.495
3, 378, 0.540, 0.444, 0.487
3, 380, 0.541, 0.440, 0.485
3, 382, 0.542, 0.436, 0.483
3, 384, 0.542, 0.436, 0.483
3, 386, 0.542, 0.436, 0.483
3, 388, 0.542, 0.436, 0.483
3, 390, 0.542, 0.436, 0.483
3, 392, 0.542, 0.436, 0.483
3, 394, 0.542, 0.436, 0.483
3, 396, 0.542, 0.436, 0.483
3, 398, 0.542, 0.436, 0.483
3, 400, 0.542, 0.436, 0.483
3, 402, 0.542, 0.436, 0.483
3, 404, 0.542, 0.436, 0.483
3, 406, 0.542, 0.436, 0.483
3, 408, 0.542, 0.436, 0.483
3, 410, 0.542, 0.442, 0.487
3, 412, 0.542, 0.448, 0.491
3, 414, 0.551, 0.448, 0.494
3, 416, 0.551, 0.448, 0.494
3, 418, 0.551, 0.455, 0.498
3, 420, 0.560, 0.455, 0.502
3, 422, 0.560, 0.455, 0.502
3, 424, 0.560, 0.455, 0.502
3, 426, 0.560, 0.458, 0.504
3, 428, 0.557, 0.457, 0.502
3, 430, 0.558, 0.453, 0.500
3, 432, 0.550, 0.445, 0.492
3, 434, 0.541, 0.437, 0.484
3, 436, 0.542, 0.433, 0.481
3, 438, 0.543, 0.429, 0.479
3, 440, 0.548, 0.429, 0.481
3, 442, 0.543, 0.429, 0.479
3, 444, 0.543, 0.432, 0.481
3, 446, 0.543, 0.435, 0.483
3, 448, 0.548, 0.438, 0.487
3, 450, 0.553, 0.438, 0.489
3, 452, 0.553, 0.438, 0.489
3, 454, 0.553, 0.438, 0.489
3, 456, 0.553, 0.442, 0.491
3, 458, 0.553, 0.442, 0.491
3, 460, 0.553, 0.442, 0.491
3, 462, 0.553, 0.442, 0.491
3, 464, 0.553, 0.442, 0.491
3, 466, 0.553, 0.442, 0.491
3, 468, 0.553, 0.442, 0.491
3, 470, 0.549, 0.434, 0.485
3, 472, 0.545, 0.426, 0.478
3, 474, 0.545, 0.426, 0.478
3, 476, 0.545, 0.426, 0.478
3, 478, 0.545, 0.430, 0.480
3, 480, 0.545, 0.433, 0.482
3, 482, 0.545, 0.433, 0.482
3, 484, 0.545, 0.433, 0.482
3, 486, 0.545, 0.433, 0.482
3, 488, 0.545, 0.433, 0.482
3, 490, 0.545, 0.433, 0.482
3, 492, 0.545, 0.433, 0.482
3, 494, 0.545, 0.433, 0.482
3, 496, 0.545, 0.437, 0.485
3, 498, 0.545, 0.437, 0.485
3, 500, 0.545, 0.437, 0.485
3, 502, 0.545, 0.437, 0.485
3, 504, 0.545, 0.437, 0.485
3, 506, 0.545, 0.437, 0.485
3, 508, 0.545, 0.437, 0.485
3, 510, 0.545, 0.437, 0.485
3, 512, 0.545, 0.437, 0.485
3, 514, 0.545, 0.437, 0.485
3, 516, 0.545, 0.437, 0.485
3, 518, 0.545, 0.440, 0.487
3, 520, 0.545, 0.440, 0.487
3, 522, 0.545, 0.440, 0.487
3, 524, 0.545, 0.440, 0.487
3, 526, 0.545, 0.440, 0.487
3, 528, 0.545, 0.440, 0.487
3, 530, 0.545, 0.444, 0.489
3, 532, 0.550, 0.447, 0.493
3, 534, 0.550, 0.447, 0.493
3, 536, 0.550, 0.447, 0.493
3, 538, 0.550, 0.447, 0.493
3, 540, 0.550, 0.447, 0.493
